   8.8200000e+02   1.4000000e+01   4.0700000e+00   4.2000000e+00
   8.8600000e+02   1.8000000e+01   4.6000000e+00   6.5400000e+00
   8.9100000e+02   1.5000000e+01   4.4700000e+00   6.8400000e+00
   9.0000000e+02   1.5770000e+01   5.0100000e+00   8.4400000e+00
   9.2000000e+02   9.5000000e+00   3.5400000e+00   4.7300000e+00
   9.3100000e+02   1.2000000e+01   5.4400000e+00   8.1900000e+00
   9.4500000e+02   1.2400000e+01   6.9500000e+00   1.1150000e+01
   9.5000000e+02   1.1200000e+01   6.5900000e+00   9.5800000e+00
   9.6600000e+02   3.9400000e+00   2.5400000e+00   3.8000000e+00
   9.8000000e+02   7.8100000e+00   5.5350000e+00   8.2300000e+00
   1.0370000e+03   6.3000000e+00   6.3000000e+00   7.1600000e+00
   1.0650000e+03   6.8000000e+00   6.8000000e+00   6.8000000e+00
   1.0950000e+03   5.4200000e+00   5.4200000e+00   5.2000000e+00
   1.1250000e+03   1.1139000e+01   1.1139000e+01   9.4700000e+00
   1.1350000e+03   9.0500000e+00   9.0500000e+00   6.3050000e+00
   1.1450000e+03   4.8000000e+00   4.8000000e+00   3.1700000e+00
   1.1550000e+03   4.0350000e+00   4.0350000e+00   1.8500000e+00
   1.1650000e+03   2.7300000e+00   2.7300000e+00   1.1750000e+00
   1.1800000e+03   5.7500000e+00   5.2900000e+00   2.8600000e+00
   1.1900000e+03   2.3950000e+00   1.9300000e+00   7.5000000e-01
   1.2000000e+03   1.2500000e+00   8.0900000e-01   3.7500000e-01
   1.2100000e+03   2.0030000e+00   1.1200000e+00   4.9100000e-01
   1.2200000e+03   1.3200000e+00   8.0300000e-01   3.5300000e-01
   1.2300000e+03   9.3800000e-01   4.5500000e-01   2.4000000e-01
   1.2400000e+03   9.5400000e-01   3.6400000e-01   2.2600000e-01
   1.2500000e+03   1.0500000e+00   3.3800000e-01   2.9400000e-01
