   8.9000000e+02   1.3500000e+02
   9.3500000e+02   1.1700000e+02
   9.5000000e+02   1.1100000e+02
   9.6600000e+02   1.0800000e+02
   9.8300000e+02   1.0500000e+02
   1.1550000e+03   1.5800000e+02
   1.1650000e+03   1.6400000e+02
   1.1700000e+03   1.8200000e+02
   1.1800000e+03   1.6500000e+02
   1.1900000e+03   1.6200000e+02
   1.1950000e+03   1.5700000e+02
   1.2000000e+03   1.2800000e+02
   1.2050000e+03   1.3300000e+02
   1.2100000e+03   1.3800000e+02
   1.2150000e+03   1.2500000e+02
   1.2250000e+03   1.1700000e+02
