   8.8600000e+02   3.2000000e+02   2.5000000e+01
   8.9000000e+02   3.0400000e+02   2.5000000e+01
   9.0000000e+02   3.0000000e+02   2.5000000e+01
   8.9600000e+02   3.7000000e+02   2.5000000e+01
   9.0400000e+02   3.2600000e+02   2.5000000e+01
   9.2100000e+02   2.8000000e+02   2.5000000e+01
   9.3000000e+02   2.5400000e+02   2.5000000e+01
   9.3800000e+02   2.5000000e+02   2.5000000e+01
   9.5000000e+02   2.1400000e+02   2.5000000e+01
   9.6700000e+02   1.8400000e+02   2.5000000e+01
   9.8000000e+02   1.7200000e+02   2.5000000e+01
   1.0370000e+03   1.6600000e+02   2.5000000e+01
