   0.0000000e+00   6.0200100e-06
   1.0000600e-02   6.0268700e-06
   2.0001300e-02   6.0029000e-06
   3.0001900e-02   5.9854100e-06
   4.0002500e-02   5.9779200e-06
   5.0003200e-02   5.9673700e-06
   6.0003800e-02   6.0721500e-06
   7.0004400e-02   6.2080200e-06
   8.0005000e-02   6.4663000e-06
   9.0005700e-02   6.8277400e-06
   1.0000600e-01   7.2469500e-06
   1.1000700e-01   7.5805900e-06
   1.2000800e-01   7.8998800e-06
   1.3000800e-01   8.1543500e-06
   1.4000900e-01   8.4363200e-06
   1.5000900e-01   9.2718600e-06
   1.6001000e-01   1.0543700e-05
   1.7001100e-01   1.1706600e-05
   1.8001100e-01   1.3527100e-05
   1.9001200e-01   1.4676700e-05
   2.0001300e-01   1.5414200e-05
   2.1001300e-01   1.5491400e-05
   2.2001400e-01   1.4954000e-05
   2.3001500e-01   1.4156100e-05
   2.4001500e-01   1.3238000e-05
   2.5001600e-01   1.2401700e-05
   2.6001600e-01   1.1741200e-05
   2.7001700e-01   1.1028600e-05
   2.8001800e-01   1.0716900e-05
   2.9001800e-01   1.0484500e-05
   3.0001900e-01   1.0555900e-05
   3.1002000e-01   1.0684700e-05
   3.2002000e-01   1.0930000e-05
   3.3002100e-01   1.1133500e-05
   3.4002100e-01   1.1278200e-05
   3.5002200e-01   1.1419400e-05
   3.6002300e-01   1.1422700e-05
   3.7002300e-01   1.1395200e-05
   3.8002400e-01   1.1289600e-05
   3.9002500e-01   1.1202500e-05
   4.0002500e-01   1.1201800e-05
   4.1002600e-01   1.1167400e-05
   4.2002700e-01   1.1226600e-05
   4.3002700e-01   1.1300500e-05
   4.4002800e-01   1.1368300e-05
   4.5002800e-01   1.1458000e-05
   4.6002900e-01   1.1458300e-05
   4.7003000e-01   1.1486000e-05
   4.8003000e-01   1.1477700e-05
   4.9003100e-01   1.1471000e-05
   5.0003200e-01   1.1400500e-05
   5.1003200e-01   1.1305700e-05
   5.2003300e-01   1.1254200e-05
   5.3003300e-01   1.1205000e-05
   5.4003400e-01   1.1216500e-05
   5.5003500e-01   1.1256600e-05
   5.6003500e-01   1.1346300e-05
   5.7003600e-01   1.1355500e-05
   5.8003700e-01   1.1374100e-05
   5.9003700e-01   1.1281000e-05
   6.0003800e-01   1.1125700e-05
   6.1003900e-01   1.0917400e-05
   6.2003900e-01   1.0655000e-05
   6.3004000e-01   1.0383700e-05
   6.4004000e-01   1.0205000e-05
   6.5004100e-01   1.0220200e-05
   6.6004200e-01   1.0480500e-05
   6.7004200e-01   1.0960900e-05
   6.8004300e-01   1.1842700e-05
   6.9004400e-01   1.2659500e-05
   7.0004400e-01   1.3710200e-05
   7.1004500e-01   1.4535300e-05
   7.2004500e-01   1.5104200e-05
   7.3004600e-01   1.5187800e-05
   7.4004700e-01   1.4609200e-05
   7.5004700e-01   1.3427300e-05
   7.6004800e-01   1.1867500e-05
   7.7004900e-01   1.0249900e-05
   7.8004900e-01   9.1317200e-06
   7.9005000e-01   8.1568500e-06
   8.0005000e-01   7.8136000e-06
   8.1005100e-01   7.5190000e-06
   8.2005200e-01   7.1606900e-06
   8.3005200e-01   6.7859500e-06
   8.4005300e-01   6.3650700e-06
   8.5005400e-01   6.1072400e-06
   8.6005400e-01   5.9743200e-06
   8.7005500e-01   5.9259500e-06
   8.8005600e-01   5.8953700e-06
   8.9005600e-01   5.9347900e-06
