   0.0000000e+00  -2.3195300e+00
   1.0000600e-02  -2.3174600e+00
   2.0001300e-02  -2.3120300e+00
   3.0001900e-02  -2.2994300e+00
   4.0002500e-02  -2.2847700e+00
   5.0003200e-02  -2.2455000e+00
   6.0003800e-02  -2.1889000e+00
   7.0004400e-02  -2.1050900e+00
   8.0005000e-02  -1.9168200e+00
   9.0005700e-02  -1.7664500e+00
   1.0000600e-01  -1.6151600e+00
   1.1000700e-01  -1.4914300e+00
   1.2000800e-01  -1.4535900e+00
   1.3000800e-01  -1.4685500e+00
   1.4000900e-01  -1.5448400e+00
   1.5000900e-01  -1.6369600e+00
   1.6001000e-01  -1.6815300e+00
   1.7001100e-01  -1.6892400e+00
   1.8001100e-01  -1.6344000e+00
   1.9001200e-01  -1.5694500e+00
   2.0001300e-01  -1.4615700e+00
   2.1001300e-01  -1.3591200e+00
   2.2001400e-01  -1.2814400e+00
   2.3001500e-01  -1.2184500e+00
   2.4001500e-01  -1.1831600e+00
   2.5001600e-01  -1.1752800e+00
   2.6001600e-01  -1.1872500e+00
   2.7001700e-01  -1.2202900e+00
   2.8001800e-01  -1.2490300e+00
   2.9001800e-01  -1.2894300e+00
   3.0001900e-01  -1.3227600e+00
   3.1002000e-01  -1.3396900e+00
   3.2002000e-01  -1.3556200e+00
   3.3002100e-01  -1.3589300e+00
   3.4002100e-01  -1.3528600e+00
   3.5002200e-01  -1.3481300e+00
   3.6002300e-01  -1.3372200e+00
   3.7002300e-01  -1.3249700e+00
   3.8002400e-01  -1.3171600e+00
   3.9002500e-01  -1.3101000e+00
   4.0002500e-01  -1.3030300e+00
   4.1002600e-01  -1.3065000e+00
   4.2002700e-01  -1.3101400e+00
   4.3002700e-01  -1.3118200e+00
   4.4002800e-01  -1.3239200e+00
   4.5002800e-01  -1.3254400e+00
   4.6002900e-01  -1.3387200e+00
   4.7003000e-01  -1.3424200e+00
   4.8003000e-01  -1.3431500e+00
   4.9003100e-01  -1.3424000e+00
   5.0003200e-01  -1.3323300e+00
   5.1003200e-01  -1.3298100e+00
   5.2003300e-01  -1.3201600e+00
   5.3003300e-01  -1.3180500e+00
   5.4003400e-01  -1.3205300e+00
   5.5003500e-01  -1.3140400e+00
   5.6003500e-01  -1.3210200e+00
   5.7003600e-01  -1.3246900e+00
   5.8003700e-01  -1.3339500e+00
   5.9003700e-01  -1.3456300e+00
   6.0003800e-01  -1.3593400e+00
   6.1003900e-01  -1.3553100e+00
   6.2003900e-01  -1.3552000e+00
   6.3004000e-01  -1.3324400e+00
   6.4004000e-01  -1.2937100e+00
   6.5004100e-01  -1.2406200e+00
   6.6004200e-01  -1.1856800e+00
   6.7004200e-01  -1.1497900e+00
   6.8004300e-01  -1.1393100e+00
   6.9004400e-01  -1.1558600e+00
   7.0004400e-01  -1.2056900e+00
   7.1004500e-01  -1.2730800e+00
   7.2004500e-01  -1.3623700e+00
   7.3004600e-01  -1.4657100e+00
   7.4004700e-01  -1.5530100e+00
   7.5004700e-01  -1.6298000e+00
   7.6004800e-01  -1.6822900e+00
   7.7004900e-01  -1.6889500e+00
   7.8004900e-01  -1.6309400e+00
   7.9005000e-01  -1.5477000e+00
   8.0005000e-01  -1.5004500e+00
   8.1005100e-01  -1.5039400e+00
   8.2005200e-01  -1.5620200e+00
   8.3005200e-01  -1.6848200e+00
   8.4005300e-01  -1.8348000e+00
   8.5005400e-01  -1.9763800e+00
   8.6005400e-01  -2.1131900e+00
   8.7005500e-01  -2.1917300e+00
   8.8005600e-01  -2.2380300e+00
   8.9005600e-01  -2.2729300e+00
